89 125 8
37 96 8
19 112 7
1 21 8
39 125 7
0 99 7
34 55 7
15 114 6
96 121 6
64 85 7
42 84 7
34 71 6
32 85 7
27 48 6
14 74 6
13 131 5
1 22 6
82 133 5
78 102 6
50 71 6
45 86 6
30 51 6
28 54 6
4 45 6
2 52 6
80 138 5
47 122 5
43 71 5
35 47 5
31 68 5
28 70 5
25 124 5
25 93 5
24 140 4
19 40 5
19 33 5
14 42 6
6 26 6
5 29 6
4 137 5
2 22 5
1 99 6
102 118 3
88 116 4
81 116 5
81 95 4
79 127 4
73 123 5
73 103 4
61 82 4
56 117 3
49 112 5
43 55 5
38 137 5
16 56 4
15 34 5
1 97 5
1 52 5
1 20 5
0 96 4
0 51 4
101 124 3
100 115 3
96 113 4
91 103 3
79 119 5
71 106 3
69 99 4
66 111 4
53 99 4
50 83 5
46 67 4
43 111 4
37 117 5
37 51 5
34 111 4
31 137 4
31 45 4
28 38 4
25 43 5
24 109 4
24 88 4
23 61 4
20 71 4
20 55 4
18 112 4
18 40 4
18 33 4
17 40 4
17 33 4
13 110 4
12 73 3
11 106 3
11 85 4
8 135 4
5 62 4
4 77 5
4 68 4
4 36 4
3 22 4
2 99 5
120 133 3
119 137 4
115 128 3
95 112 4
94 112 4
93 112 4
89 133 3
88 99 3
88 96 3
83 129 3
82 125 3
79 89 3
76 131 3
75 111 4
73 92 4
73 88 3
68 78 4
65 122 4
63 99 3
63 96 3
55 117 3
52 78 4
51 131 3
49 90 3
49 65 3
48 112 4
41 88 3
40 139 3
40 108 3
39 133 3
39 62 4
38 77 5
38 68 4
37 98 4
37 97 4
36 78 4
33 122 4
31 77 4
30 98 4
30 97 4
30 96 4
29 78 4
28 82 4
26 88 3
23 139 3
23 124 4
23 93 4
23 75 4
22 130 3
22 60 3
20 83 4
16 112 4
15 132 3
14 60 3
10 98 3
10 18 3
8 87 4
8 79 4
5 80 4
3 52 4
1 96 4
1 51 4
1 19 4
0 117 4
117 123 2
113 122 3
110 137 3
109 137 3
108 134 3
104 122 3
103 116 2
99 123 2
96 112 4
93 111 3
91 118 2
91 100 2
89 106 3
82 106 3
80 107 3
74 84 4
71 85 3
69 137 3
69 95 3
68 134 3
66 112 3
64 136 3
63 116 3
57 117 2
53 137 3
53 95 3
52 134 3
48 111 3
48 71 3
46 136 3
46 62 3
45 134 3
43 112 3
42 66 3
41 103 3
39 106 3
39 80 4
37 137 3
37 99 4
37 95 3
37 50 3
36 134 3
34 112 3
32 62 3
30 137 3
30 99 4
30 95 3
30 50 3
29 134 3
28 110 3
27 66 3
26 103 3
24 130 3
22 74 3
21 47 3
20 121 3
20 112 3
20 40 3
20 33 3
19 121 3
19 83 3
19 71 3
19 55 3
18 121 3
18 83 3
18 71 3
18 55 3
17 121 3
17 83 3
15 122 4
15 84 4
12 122 3
12 91 3
12 41 3
9 69 3
9 46 3
9 37 3
9 30 3
8 61 3
6 87 3
4 22 3
3 137 3
3 99 4
3 68 3
3 45 3
3 36 3
2 137 3
2 68 3
2 45 3
2 36 3
1 137 3
1 68 3
1 45 3
1 36 3
0 116 3
121 139 2
121 129 2
114 127 2
107 122 2
105 131 2
105 128 2
105 113 2
101 139 2
101 132 2
101 129 2
101 108 2
98 127 2
97 121 3
96 131 2
96 128 2
95 127 2
95 121 3
95 101 2
94 121 3
90 139 2
90 129 2
90 108 2
89 136 3
88 117 3
88 115 2
84 110 3
83 139 2
83 108 2
81 98 3
81 97 3
81 96 3
80 140 2
80 134 3
79 110 3
76 128 2
76 113 2
75 127 2
75 119 2
75 112 3
75 89 2
73 140 2
73 138 2
73 126 2
73 107 2
71 77 2
70 117 3
69 98 3
69 97 3
69 96 3
68 86 3
65 91 3
64 80 3
64 76 3
63 117 3
63 115 2
63 76 2
62 74 2
60 122 3
60 91 3
60 84 3
58 122 2
58 102 2
58 91 2
58 84 2
55 106 2
55 85 2
55 77 2
54 117 3
53 98 3
53 97 3
53 96 3
52 86 3
51 128 2
51 113 2
51 72 2
50 127 2
50 121 3
50 112 3
50 101 2
49 121 3
49 83 3
49 71 3
47 91 3
46 76 3
45 78 3
41 140 2
41 126 2
41 63 2
40 129 2
40 87 3
40 59 2
38 99 3
38 52 3
36 86 3
33 91 3
33 41 3
32 80 3
31 99 3
31 52 3
30 117 4
29 86 3
27 84 3
26 140 2
26 126 2
26 63 2
25 135 3
25 132 2
25 114 2
25 79 3
25 61 3
24 126 2
24 103 3
24 63 2
23 135 3
23 132 2
23 114 2
23 87 3
23 79 3
23 43 4
16 111 3
16 71 3
16 55 3
16 39 3
16 32 3
15 139 2
15 124 2
15 93 2
15 66 3
15 48 3
13 128 2
13 113 2
13 70 3
13 56 2
13 54 3
13 47 3
13 38 3
13 31 3
11 77 2
11 52 2
10 117 3
9 81 3
9 53 3
8 75 3
8 43 3
8 28 3
8 16 3
6 24 3
5 85 3
4 99 3
4 52 3
3 117 4
3 77 3
2 117 4
2 77 3
1 117 4
1 77 3
1 18 3
0 115 2
0 80 2
0 76 2
120 137 2
119 136 2
119 133 2
119 125 2
116 131 2
116 128 2
115 131 2
115 127 2
111 137 2
111 133 2
111 125 2
110 133 2
110 125 2
109 136 2
109 125 2
108 130 2
100 116 2
93 120 2
93 110 2
89 137 2
86 135 2
85 134 2
83 122 3
83 91 3
82 137 2
81 136 2
81 94 2
80 123 2
80 103 2
80 92 2
78 135 2
78 122 3
78 91 3
78 87 2
77 134 2
77 86 2
74 135 2
73 118 2
73 100 2
72 122 2
72 102 2
72 91 2
71 117 2
70 137 2
70 133 2
70 125 2
69 136 2
69 125 2
69 116 3
69 94 2
68 130 2
67 121 2
67 112 2
67 90 2
67 83 2
66 120 2
66 110 2
66 82 2
65 87 2
64 137 2
64 133 2
64 125 2
64 94 2
61 120 2
61 112 2
61 111 2
61 110 2
61 71 2
61 70 2
60 135 2
60 87 2
60 79 2
60 75 2
60 66 2
59 134 2
59 130 2
59 109 2
59 86 2
59 78 2
59 69 2
54 137 2
54 133 2
54 125 2
54 68 2
54 62 2
53 136 2
53 125 2
53 116 3
53 94 2
53 67 2
53 62 2
52 60 2
49 55 2
48 120 2
48 110 2
48 82 2
48 70 2
48 55 2
48 54 2
47 87 2
46 137 2
46 125 2
46 98 2
46 95 2
46 94 2
45 130 2
45 60 2
44 121 2
44 112 2
44 90 2
44 83 2
44 71 2
44 65 2
44 55 2
43 120 2
43 110 2
43 82 2
43 70 2
43 54 2
42 135 2
42 79 2
42 75 2
42 61 2
42 48 2
41 118 2
41 100 2
40 73 2
39 137 2
39 85 3
39 68 2
39 45 2
38 133 2
38 125 2
38 62 2
38 45 2
37 136 2
37 125 2
37 116 3
37 94 2
37 67 2
37 62 2
37 49 2
37 44 2
36 130 2
36 60 2
35 121 2
35 112 2
35 90 2
35 83 2
35 71 2
35 65 2
35 55 2
34 120 2
34 110 2
34 82 2
34 70 2
34 54 2
33 87 2
32 137 2
32 133 2
32 125 2
32 68 2
32 45 2
31 133 2
31 125 2
31 62 2
30 136 2
30 125 2
30 116 3
30 94 2
30 67 2
30 62 2
30 49 2
30 44 2
29 130 2
29 60 2
28 120 2
28 112 2
28 111 2
28 71 2
28 55 2
28 39 2
27 135 2
27 79 2
27 75 2
27 61 2
27 43 2
27 34 2
26 118 2
26 100 2
25 105 2
25 75 3
24 118 2
24 100 2
23 105 2
22 134 2
22 86 2
22 78 2
22 42 3
21 121 2
21 112 2
21 90 2
21 83 2
21 71 2
21 65 2
21 55 2
21 40 2
21 33 2
20 90 2
20 65 2
20 47 2
19 90 2
19 65 2
19 47 2
18 90 2
18 65 2
18 47 2
17 90 2
17 65 2
17 47 2
15 105 2
15 91 3
14 134 2
14 86 2
14 78 2
14 27 3
14 25 3
14 23 2
13 82 3
12 102 2
12 26 2
12 24 2
11 117 2
10 137 2
10 136 2
10 125 2
10 95 2
10 94 2
10 67 2
10 62 2
10 50 2
10 49 2
10 44 2
10 35 2
10 21 2
10 20 2
10 19 2
9 130 2
9 109 2
8 66 2
8 48 2
8 34 2
7 130 2
7 109 2
7 69 2
7 53 2
7 46 2
7 37 2
7 30 2
5 137 2
5 133 2
5 125 2
5 68 2
5 45 2
5 36 2
5 22 2
4 133 2
4 125 2
4 62 2
4 29 2
3 133 2
3 125 2
3 62 2
3 29 2
2 133 2
2 125 2
2 62 2
2 29 2
1 136 2
1 133 2
1 125 2
1 94 2
1 67 2
1 62 2
1 49 2
1 44 2
1 35 2
1 29 2
114 120 2
109 117 3
109 115 2
105 120 2
105 112 2
105 111 2
101 135 2
98 121 2
98 112 2
89 99 2
89 97 2
89 96 2
86 122 2
86 102 2
84 120 2
84 112 2
84 111 2
82 99 2
81 115 2
80 130 2
80 86 2
79 120 2
79 112 2
79 111 2
78 84 2
76 121 2
76 112 2
76 90 2
76 83 2
75 120 2
75 110 2
75 82 2
73 134 2
73 130 2
73 109 2
73 86 2
70 106 2
70 99 2
70 85 2
70 80 2
70 77 2
69 117 3
69 115 2
69 106 2
69 76 2
68 74 2
65 102 2
64 106 2
64 99 2
64 97 2
64 96 2
64 77 2
60 102 2
59 81 2
59 74 2
54 106 2
54 99 2
54 85 2
54 80 2
54 77 2
53 117 3
53 115 2
53 106 2
53 76 2
52 74 2
51 121 2
51 112 2
51 90 2
51 83 2
51 71 2
51 65 2
50 90 2
50 65 2
47 102 2
46 115 2
46 106 2
46 99 2
46 97 2
46 96 2
45 74 2
41 130 2
41 109 2
41 69 2
41 53 2
39 99 2
39 77 2
39 52 2
38 117 3
38 106 2
38 85 2
38 80 2
37 115 2
37 106 2
37 76 2
36 74 2
36 42 2
33 102 2
32 106 2
32 99 2
32 77 2
32 52 2
31 117 3
31 106 2
31 85 2
31 80 2
30 115 2
30 106 2
30 76 2
29 74 2
29 42 2
26 130 2
26 109 2
26 69 2
26 53 2
26 46 2
26 37 2
25 66 2
25 48 2
25 34 2
24 69 2
24 53 2
24 46 2
24 37 2
24 30 2
23 66 2
23 48 2
23 34 2
16 120 2
16 110 2
16 82 2
16 70 2
16 54 2
16 38 2
16 31 2
15 135 2
15 87 2
15 79 2
15 75 2
15 61 2
15 43 2
15 28 2
13 120 2
13 112 2
13 111 2
13 71 2
13 65 2
13 55 2
13 39 2
13 33 2
13 32 2
10 115 2
10 106 2
10 99 2
10 97 2
10 96 2
10 76 2
10 51 2
10 17 2
8 122 2
8 102 2
8 91 2
8 84 2
7 81 2
6 122 2
6 102 2
6 91 2
6 41 2
5 106 2
5 99 2
5 77 2
5 52 2
5 14 2
4 117 3
4 106 2
4 85 2
4 80 2
4 14 2
3 106 2
3 85 2
3 80 2
3 14 2
2 106 2
2 85 2
2 80 2
2 14 2
1 106 2
1 85 2
1 80 2
1 76 2
1 17 2
1 14 2
115 121 2
111 117 2
110 117 2
109 116 2
101 122 2
90 122 2
90 102 2
89 117 2
83 102 2
82 117 2
73 81 2
64 117 2
46 117 2
46 116 2
41 81 2
40 122 2
40 102 2
40 91 2
39 117 2
32 117 2
26 81 2
25 84 2
24 81 2
23 122 2
23 102 2
23 91 2
23 84 2
15 102 2
10 116 2
5 117 2
